Acc_presence=64.56 MSE_3d=3.999352
Acc_presence=69.36 MSE_3d=2.636829
Acc_presence=69.16 MSE_3d=2.535084
